<?xml version="1.0"?>
<opencv_storage>
<mine1_mean>
  1.3506911764705882e+02 1.3506911764705882e+02 1.3506911764705882e+02</mine1_mean>
<mine1_dev>
  6.9575439570140830e+01 7.5135541897022591e+01 6.9828098601830519e+01</mine1_dev>
<mine2_mean>
  1.7572794982698963e+02 1.7572794982698963e+02 1.7572794982698963e+02</mine2_mean>
<mine2_dev>
  5.8379305926066692e+01 6.2423831184700866e+01 4.9226373955848281e+01</mine2_dev>
<mine3_mean>
  1.9888854671280279e+02 1.9888854671280279e+02 1.9888854671280279e+02</mine3_mean>
<mine3_dev>
  7.1891658074288486e+01 6.9912063517344592e+01 6.5259437665845297e+01</mine3_dev>
</opencv_storage>
